10.029999732971191
14.539999961853027
13.449999809265137
20.209999084472656
23.420000076293945
29.149999618530273
31.610000610351562
37.91999816894531
40.959999084472656
48.189998626708984
47.88999938964844
52.25
50.38999938964844
51.400001525878906
51.560001373291016
49.61000061035156
51.689998626708984
52.279998779296875
52.529998779296875
52.689998626708984
53.41999816894531
55.08000183105469
52.150001525878906
55.779998779296875
54.720001220703125
57.2400016784668
55.63999938964844
58.599998474121094
59.58000183105469
63.5099983215332
62.33000183105469
65.4000015258789
63.16999816894531
67.08000183105469
64.54000091552734
68.76000213623047
65.25
70.7300033569336
67.3499984741211
70.88999938964844
68.44999694824219
71.68000030517578
67.12999725341797
71.91999816894531
70.93000030517578
73.18000030517578
70.47000122070312
75.2699966430664
73.9000015258789
76.1500015258789
75.4000015258789
76.98999786376953
75.18000030517578
78.12000274658203
75.73999786376953
78.48999786376953
75.43000030517578
79.54000091552734
77.12999725341797
79.88999938964844
75.5
79.63999938964844
76.94000244140625
80.44000244140625
78.38999938964844
80.83999633789062
79.44000244140625
80.08000183105469
78.77999877929688
81.62000274658203
80.12999725341797
80.91999816894531
81.30000305175781
81.51000213623047
81.63999938964844
81.66000366210938
81.98999786376953
83.05000305175781
82.38999938964844
83.05000305175781
81.86000061035156
82.9000015258789
82.44999694824219
83.47000122070312
83.05999755859375
83.9000015258789
82.8499984741211
84.05999755859375
83.33999633789062
84.3499984741211
83.41000366210938
84.37999725341797
83.47000122070312
84.27999877929688
83.83999633789062
84.87000274658203
83.86000061035156
84.61000061035156
84.20999908447266
84.94000244140625
