11.760000228881836
13.449999809265137
18.360000610351562
18.93000030517578
27.239999771118164
30.829999923706055
39.689998626708984
39.41999816894531
48.27000045776367
46.630001068115234
52.22999954223633
49.2599983215332
54.5099983215332
51.36000061035156
54.41999816894531
50.630001068115234
54.0099983215332
51.88999938964844
53.119998931884766
51.779998779296875
53.27000045776367
52.70000076293945
54.29999923706055
54.72999954223633
54.650001525878906
56.540000915527344
57.72999954223633
58.66999816894531
59.619998931884766
61.060001373291016
61.810001373291016
63.31999969482422
63.400001525878906
64.33000183105469
65.4800033569336
66.44000244140625
67.27999877929688
68.22000122070312
69.0
69.44000244140625
69.72000122070312
70.4800033569336
70.61000061035156
71.7699966430664
72.38999938964844
72.88999938964844
73.2699966430664
73.93000030517578
74.29000091552734
74.68000030517578
75.04000091552734
75.41000366210938
76.02999877929688
76.13999938964844
76.81999969482422
77.05000305175781
77.56999969482422
77.23999786376953
77.94000244140625
77.87000274658203
78.47000122070312
78.88999938964844
79.19999694824219
78.86000061035156
79.30000305175781
79.12999725341797
79.93000030517578
80.18000030517578
80.06999969482422
80.16000366210938
80.37999725341797
80.5
80.73999786376953
80.7300033569336
81.12999725341797
81.11000061035156
81.41000366210938
81.5999984741211
81.52999877929688
81.52999877929688
81.69000244140625
81.61000061035156
81.93000030517578
81.61000061035156
81.9800033569336
81.58999633789062
82.1500015258789
82.12999725341797
82.75
82.55000305175781
82.83000183105469
82.66999816894531
82.98999786376953
82.94000244140625
83.20999908447266
82.86000061035156
83.30000305175781
83.2300033569336
83.37000274658203
83.20999908447266
