10.149999618530273
14.430000305175781
13.960000038146973
21.239999771118164
23.09000015258789
32.06999969482422
33.810001373291016
44.40999984741211
41.790000915527344
51.72999954223633
48.720001220703125
54.4900016784668
52.63999938964844
55.02000045776367
53.72999954223633
55.41999816894531
54.06999969482422
56.720001220703125
54.310001373291016
58.400001525878906
55.0
60.880001068115234
56.47999954223633
63.61000061035156
58.13999938964844
66.08999633789062
60.029998779296875
68.44000244140625
62.47999954223633
71.37000274658203
64.66000366210938
73.87999725341797
67.22000122070312
76.75
69.5199966430664
78.69000244140625
72.16999816894531
80.55999755859375
74.16999816894531
81.91000366210938
76.05999755859375
83.25
77.62000274658203
84.05000305175781
79.51000213623047
84.73999786376953
81.06999969482422
85.3499984741211
81.97000122070312
85.75
82.76000213623047
86.43000030517578
83.36000061035156
86.88999938964844
84.01000213623047
87.43000030517578
84.9000015258789
87.79000091552734
85.13999938964844
88.06999969482422
85.62999725341797
88.41999816894531
86.27999877929688
88.61000061035156
86.48999786376953
88.97000122070312
87.12999725341797
89.26000213623047
87.36000061035156
89.4000015258789
87.80000305175781
89.4000015258789
88.08999633789062
89.61000061035156
88.30000305175781
89.7300033569336
88.6500015258789
89.97000122070312
88.83000183105469
90.23999786376953
89.06999969482422
90.4000015258789
89.19000244140625
90.48999786376953
89.26000213623047
90.66999816894531
89.45999908447266
90.8499984741211
89.68000030517578
90.94000244140625
90.02999877929688
90.98999786376953
90.13999938964844
91.08000183105469
90.30000305175781
91.16000366210938
90.47000122070312
91.26000213623047
90.54000091552734
91.47000122070312
