10.779999732971191
14.4399995803833
14.050000190734863
18.34000015258789
29.700000762939453
39.939998626708984
34.040000915527344
41.099998474121094
36.31999969482422
40.20000076293945
47.5
46.08000183105469
51.810001373291016
54.06999969482422
51.5
50.72999954223633
50.849998474121094
50.36000061035156
51.88999938964844
55.16999816894531
55.119998931884766
58.27000045776367
58.060001373291016
63.29999923706055
55.959999084472656
64.11000061035156
61.130001068115234
60.709999084472656
63.63999938964844
67.9800033569336
64.8499984741211
70.94999694824219
64.12000274658203
77.5199966430664
66.61000061035156
76.08000183105469
70.66000366210938
78.08999633789062
71.11000061035156
80.4000015258789
76.23999786376953
80.8499984741211
74.63999938964844
81.4000015258789
75.45999908447266
83.04000091552734
79.93000030517578
82.5
77.51000213623047
84.9800033569336
81.79000091552734
85.30999755859375
76.45999908447266
85.30999755859375
82.4800033569336
85.8499984741211
81.7699966430664
84.36000061035156
82.45999908447266
86.0199966430664
85.27999877929688
87.38999938964844
85.58999633789062
88.4000015258789
84.79000091552734
87.55999755859375
86.62999725341797
88.37000274658203
87.86000061035156
87.55000305175781
82.37000274658203
88.81999969482422
84.22000122070312
89.45999908447266
86.52999877929688
89.5999984741211
86.22000122070312
89.83000183105469
86.54000091552734
89.81999969482422
89.93000030517578
88.95999908447266
83.43000030517578
90.41000366210938
87.30000305175781
90.08999633789062
88.94000244140625
90.5999984741211
87.61000061035156
90.06999969482422
89.12999725341797
90.13999938964844
89.77999877929688
89.9800033569336
89.19999694824219
90.45999908447266
89.27999877929688
89.4000015258789
88.87999725341797
90.91999816894531
