10.289999961853027
15.90999984741211
20.309999465942383
21.65999984741211
24.329999923706055
31.549999237060547
34.060001373291016
39.81999969482422
37.709999084472656
43.369998931884766
35.2599983215332
38.279998779296875
37.83000183105469
43.45000076293945
45.91999816894531
46.31999969482422
47.130001068115234
52.0099983215332
52.38999938964844
57.130001068115234
58.189998626708984
61.349998474121094
58.959999084472656
63.68000030517578
60.400001525878906
64.0199966430664
63.58000183105469
67.30999755859375
66.44999694824219
70.43000030517578
66.12000274658203
72.98999786376953
67.1500015258789
74.25
72.0999984741211
77.5
72.18000030517578
79.76000213623047
73.4800033569336
79.94000244140625
75.77999877929688
80.37000274658203
78.36000061035156
81.06999969482422
76.9800033569336
81.13999938964844
78.79000091552734
82.69000244140625
79.6500015258789
81.83000183105469
81.94999694824219
83.06999969482422
83.11000061035156
84.16000366210938
83.69999694824219
85.01000213623047
85.13999938964844
85.56999969482422
85.7699966430664
84.93000030517578
85.05000305175781
85.36000061035156
85.75
86.8499984741211
84.55999755859375
86.47000122070312
85.47000122070312
86.1500015258789
85.66000366210938
87.16000366210938
86.33999633789062
87.51000213623047
87.08000183105469
88.73999786376953
86.12999725341797
88.73999786376953
87.44999694824219
88.62000274658203
88.2300033569336
89.73999786376953
88.9800033569336
89.47000122070312
89.11000061035156
89.16000366210938
88.23999786376953
89.87000274658203
89.62999725341797
90.2699966430664
89.37000274658203
90.47000122070312
89.02999877929688
90.1500015258789
90.11000061035156
90.83999633789062
89.43000030517578
90.83000183105469
90.33999633789062
90.94000244140625
90.43000030517578
91.43000030517578
