9.989999771118164
15.880000114440918
16.399999618530273
23.479999542236328
28.3799991607666
40.75
39.5099983215332
46.36000061035156
44.59000015258789
50.209999084472656
48.970001220703125
51.18000030517578
51.25
52.970001220703125
52.349998474121094
48.58000183105469
51.939998626708984
49.65999984741211
51.029998779296875
51.08000183105469
52.58000183105469
50.75
52.95000076293945
53.70000076293945
52.79999923706055
55.349998474121094
55.84000015258789
59.09000015258789
56.09000015258789
61.790000915527344
59.150001525878906
64.27999877929688
60.150001525878906
63.939998626708984
62.279998779296875
65.6500015258789
63.77000045776367
67.36000061035156
66.33000183105469
69.47000122070312
67.83000183105469
70.8499984741211
67.5999984741211
71.16999816894531
70.66000366210938
74.13999938964844
72.37999725341797
74.62999725341797
72.62000274658203
74.94000244140625
72.95999908447266
75.80000305175781
75.47000122070312
76.75
75.55000305175781
77.80000305175781
76.48999786376953
77.94999694824219
76.66999816894531
78.38999938964844
76.83000183105469
78.83999633789062
78.2300033569336
79.19999694824219
78.19999694824219
79.52999877929688
78.22000122070312
79.63999938964844
79.0199966430664
80.23999786376953
80.0199966430664
80.75
80.12000274658203
81.2699966430664
79.97000122070312
81.12000274658203
80.55999755859375
81.75
80.01000213623047
81.80999755859375
80.87000274658203
82.01000213623047
81.12999725341797
82.37000274658203
81.16999816894531
82.56999969482422
81.69000244140625
83.18000030517578
82.05000305175781
83.0999984741211
82.63999938964844
83.13999938964844
82.22000122070312
83.41999816894531
82.5999984741211
83.86000061035156
83.19000244140625
83.9000015258789
83.5199966430664
84.37000274658203
