12.279999732971191
10.319999694824219
13.489999771118164
11.600000381469727
4.099999904632568
16.809999465942383
12.779999732971191
14.710000038146973
15.979999542236328
14.520000457763672
12.489999771118164
13.8100004196167
14.989999771118164
14.760000228881836
18.06999969482422
18.959999084472656
18.600000381469727
21.719999313354492
20.440000534057617
15.670000076293945
19.34000015258789
19.170000076293945
20.25
22.420000076293945
24.360000610351562
19.34000015258789
19.760000228881836
18.639999389648438
21.459999084472656
20.979999542236328
18.6299991607666
18.31999969482422
17.75
20.309999465942383
18.729999542236328
16.200000762939453
17.520000457763672
17.700000762939453
15.819999694824219
14.130000114440918
14.170000076293945
12.760000228881836
13.270000457763672
14.079999923706055
14.010000228881836
12.829999923706055
13.3100004196167
13.489999771118164
13.460000038146973
14.680000305175781
13.640000343322754
14.199999809265137
15.25
13.09000015258789
16.260000228881836
11.5600004196167
9.369999885559082
11.350000381469727
10.270000457763672
10.1899995803833
8.930000305175781
9.15999984741211
11.359999656677246
11.569999694824219
13.100000381469727
13.390000343322754
13.390000343322754
12.609999656677246
13.489999771118164
13.399999618530273
12.529999732971191
12.869999885559082
13.600000381469727
12.369999885559082
13.75
15.779999732971191
16.969999313354492
13.399999618530273
14.460000038146973
11.460000038146973
13.5600004196167
12.460000038146973
13.59000015258789
16.0
16.729999542236328
16.93000030517578
13.149999618530273
12.210000038146973
12.050000190734863
9.8100004196167
9.720000267028809
9.319999694824219
9.380000114440918
9.319999694824219
8.970000267028809
8.720000267028809
8.260000228881836
8.380000114440918
10.579999923706055
9.390000343322754
