10.279999732971191
12.670000076293945
14.529999732971191
20.489999771118164
21.440000534057617
29.190000534057617
34.810001373291016
36.65999984741211
33.310001373291016
33.13999938964844
36.720001220703125
37.290000915527344
40.75
44.31999969482422
43.869998931884766
50.529998779296875
46.97999954223633
56.52000045776367
58.5
65.55000305175781
60.619998931884766
66.88999938964844
68.04000091552734
68.97000122070312
65.37999725341797
72.19999694824219
68.75
70.13999938964844
68.13999938964844
75.25
74.33999633789062
74.12000274658203
73.27999877929688
76.05999755859375
71.12000274658203
77.91999816894531
73.4000015258789
77.06999969482422
77.23999786376953
78.88999938964844
77.0
79.5999984741211
78.43000030517578
80.41000366210938
78.7699966430664
81.25
78.97000122070312
80.33999633789062
79.27999877929688
79.94999694824219
79.3499984741211
80.25
80.27999877929688
82.0
82.2300033569336
82.41999816894531
81.5
83.19999694824219
82.7699966430664
82.45999908447266
82.0
83.2699966430664
81.52999877929688
83.62000274658203
83.93000030517578
84.83999633789062
83.33999633789062
83.20999908447266
83.54000091552734
84.06999969482422
83.66999816894531
85.6500015258789
82.69999694824219
84.45999908447266
83.1500015258789
85.4000015258789
84.8499984741211
85.88999938964844
85.16999816894531
86.77999877929688
85.30000305175781
85.66000366210938
86.83999633789062
87.33999633789062
87.04000091552734
87.58000183105469
87.58999633789062
87.97000122070312
86.88999938964844
88.12999725341797
85.33999633789062
88.0199966430664
86.83999633789062
88.29000091552734
86.93000030517578
88.76000213623047
87.73999786376953
87.8499984741211
87.76000213623047
87.87000274658203
