12.050000190734863
12.739999771118164
11.279999732971191
8.720000267028809
11.960000038146973
13.329999923706055
26.239999771118164
21.059999465942383
12.020000457763672
13.390000343322754
26.1200008392334
20.920000076293945
23.6200008392334
24.5
25.790000915527344
26.790000915527344
33.68000030517578
36.040000915527344
33.720001220703125
29.139999389648438
28.559999465942383
34.7599983215332
36.63999938964844
35.0099983215332
31.850000381469727
33.029998779296875
33.189998626708984
33.34000015258789
32.900001525878906
38.04999923706055
39.189998626708984
37.63999938964844
39.61000061035156
39.630001068115234
41.06999969482422
39.45000076293945
39.43000030517578
37.880001068115234
35.869998931884766
40.400001525878906
38.16999816894531
38.959999084472656
38.18000030517578
35.029998779296875
35.869998931884766
35.22999954223633
36.380001068115234
36.09000015258789
34.209999084472656
33.79999923706055
34.970001220703125
36.15999984741211
39.77000045776367
39.529998779296875
40.09000015258789
38.86000061035156
41.0
41.38999938964844
40.47999954223633
38.65999984741211
41.68000030517578
41.349998474121094
42.099998474121094
39.0
40.959999084472656
42.65999984741211
38.83000183105469
38.869998931884766
40.529998779296875
41.45000076293945
39.970001220703125
41.459999084472656
37.40999984741211
38.369998931884766
42.90999984741211
44.72999954223633
44.29999923706055
44.65999984741211
45.2400016784668
44.36000061035156
45.15999984741211
45.56999969482422
44.209999084472656
45.22999954223633
44.849998474121094
43.36000061035156
43.5
43.880001068115234
45.349998474121094
46.56999969482422
46.68000030517578
46.66999816894531
47.119998931884766
46.369998931884766
42.27000045776367
40.2599983215332
40.4900016784668
39.150001525878906
38.470001220703125
37.939998626708984
