9.760000228881836
14.890000343322754
15.640000343322754
22.530000686645508
22.18000030517578
28.90999984741211
36.470001220703125
43.72999954223633
44.709999084472656
46.08000183105469
45.91999816894531
44.560001373291016
50.56999969482422
51.06999969482422
50.56999969482422
52.119998931884766
52.13999938964844
55.08000183105469
54.86000061035156
53.849998474121094
55.2400016784668
53.02000045776367
56.15999984741211
60.9900016784668
57.54999923706055
59.20000076293945
57.2599983215332
60.13999938964844
58.400001525878906
58.18000030517578
58.70000076293945
58.41999816894531
61.20000076293945
61.68000030517578
62.52000045776367
64.33999633789062
65.66999816894531
68.06999969482422
68.66999816894531
70.2300033569336
70.25
71.29000091552734
70.4800033569336
73.0199966430664
71.37000274658203
72.33999633789062
72.58999633789062
73.2300033569336
73.5999984741211
76.58000183105469
73.16000366210938
75.47000122070312
72.94000244140625
76.69000244140625
74.06999969482422
77.11000061035156
74.75
77.63999938964844
75.87999725341797
78.69000244140625
76.55999755859375
79.80000305175781
78.2300033569336
78.72000122070312
78.0
79.72000122070312
78.44999694824219
80.20999908447266
78.5199966430664
80.0199966430664
79.0999984741211
80.51000213623047
80.38999938964844
80.2699966430664
81.41000366210938
82.05000305175781
80.58999633789062
81.70999908447266
80.30999755859375
81.9000015258789
80.55999755859375
81.9800033569336
79.37999725341797
82.13999938964844
81.66000366210938
83.31999969482422
81.88999938964844
83.18000030517578
80.94000244140625
83.0
81.86000061035156
83.62999725341797
82.45999908447266
83.83000183105469
82.33999633789062
83.5
83.26000213623047
84.08999633789062
82.52999877929688
84.12999725341797
