11.09000015258789
10.5
12.010000228881836
10.819999694824219
11.920000076293945
11.020000457763672
13.380000114440918
16.90999984741211
12.670000076293945
15.180000305175781
15.569999694824219
14.619999885559082
16.030000686645508
17.68000030517578
16.479999542236328
16.079999923706055
15.649999618530273
16.030000686645508
12.630000114440918
14.100000381469727
13.039999961853027
15.8100004196167
16.170000076293945
13.449999809265137
15.850000381469727
13.319999694824219
14.510000228881836
14.989999771118164
12.880000114440918
14.0
13.680000305175781
14.720000267028809
14.84000015258789
15.149999618530273
16.1299991607666
18.3700008392334
20.760000228881836
20.8700008392334
20.700000762939453
22.68000030517578
21.899999618530273
22.270000457763672
24.8799991607666
24.600000381469727
24.139999389648438
24.510000228881836
20.780000686645508
18.979999542236328
19.610000610351562
19.709999084472656
18.190000534057617
18.170000076293945
15.90999984741211
13.600000381469727
12.600000381469727
12.770000457763672
13.569999694824219
14.0600004196167
13.380000114440918
13.430000305175781
14.729999542236328
14.430000305175781
10.25
11.09000015258789
10.75
11.010000228881836
11.020000457763672
9.90999984741211
9.869999885559082
9.449999809265137
9.010000228881836
10.399999618530273
8.710000038146973
8.829999923706055
10.720000267028809
8.670000076293945
8.489999771118164
8.289999961853027
9.65999984741211
9.59000015258789
12.050000190734863
14.65999984741211
14.210000038146973
16.479999542236328
15.029999732971191
11.350000381469727
11.220000267028809
12.270000457763672
12.069999694824219
12.869999885559082
14.539999961853027
12.739999771118164
10.050000190734863
11.369999885559082
9.569999694824219
8.869999885559082
15.489999771118164
14.720000267028809
14.430000305175781
14.239999771118164
