11.609999656677246
16.329999923706055
20.8700008392334
23.18000030517578
22.860000610351562
28.059999465942383
32.06999969482422
38.150001525878906
34.720001220703125
46.52000045776367
42.59000015258789
53.220001220703125
49.40999984741211
54.59000015258789
50.68000030517578
55.95000076293945
52.459999084472656
60.29999923706055
56.029998779296875
61.22999954223633
57.06999969482422
59.02000045776367
58.09000015258789
61.900001525878906
62.63999938964844
67.45999908447266
60.29999923706055
71.38999938964844
64.18000030517578
70.7699966430664
68.05999755859375
74.62000274658203
72.83999633789062
77.25
71.01000213623047
80.70999908447266
71.91000366210938
79.1500015258789
71.16000366210938
82.41999816894531
78.19000244140625
83.52999877929688
78.8499984741211
83.80999755859375
79.55000305175781
85.47000122070312
81.94000244140625
85.62000274658203
81.19000244140625
85.25
79.91000366210938
86.62000274658203
83.70999908447266
86.94000244140625
83.45999908447266
86.1500015258789
84.05000305175781
87.58999633789062
86.08999633789062
87.29000091552734
85.75
88.08000183105469
85.37999725341797
88.16000366210938
85.52999877929688
88.88999938964844
87.08999633789062
88.31999969482422
86.08000183105469
89.4800033569336
87.0
89.55999755859375
87.4000015258789
89.12999725341797
88.66000366210938
88.7699966430664
87.76000213623047
90.16000366210938
88.88999938964844
89.83000183105469
88.97000122070312
90.7699966430664
88.63999938964844
90.91999816894531
89.56999969482422
90.55000305175781
90.30000305175781
91.04000091552734
89.9800033569336
91.06999969482422
90.05000305175781
91.5
90.63999938964844
91.1500015258789
90.41000366210938
91.44000244140625
90.41999816894531
91.36000061035156
91.2699966430664
91.55999755859375
