10.149999618530273
14.430000305175781
13.960000038146973
21.239999771118164
23.09000015258789
32.08000183105469
33.79999923706055
44.40999984741211
41.79999923706055
51.720001220703125
48.72999954223633
54.4900016784668
52.630001068115234
55.0099983215332
53.7400016784668
55.43000030517578
54.06999969482422
56.72999954223633
54.310001373291016
58.380001068115234
55.02000045776367
60.880001068115234
56.47999954223633
63.61000061035156
58.130001068115234
66.0999984741211
60.029998779296875
68.44000244140625
62.47999954223633
71.37000274658203
64.6500015258789
73.91000366210938
67.22000122070312
76.73999786376953
69.52999877929688
78.70999908447266
72.18000030517578
80.55999755859375
74.18000030517578
81.87999725341797
76.08000183105469
83.23999786376953
77.62000274658203
84.05999755859375
79.5
84.73999786376953
81.05999755859375
85.3499984741211
81.95999908447266
85.7300033569336
82.75
86.44999694824219
83.37000274658203
86.88999938964844
84.0199966430664
87.43000030517578
84.9000015258789
87.7699966430664
85.13999938964844
88.08000183105469
85.61000061035156
88.4000015258789
86.26000213623047
88.5999984741211
86.48999786376953
88.9800033569336
87.13999938964844
89.25
87.33999633789062
89.41999816894531
87.80000305175781
89.41000366210938
88.06999969482422
89.5999984741211
88.30000305175781
89.72000122070312
88.6500015258789
89.97000122070312
88.83000183105469
90.23999786376953
89.08000183105469
90.41000366210938
89.19000244140625
90.5
89.2699966430664
90.66999816894531
89.45999908447266
90.8499984741211
89.68000030517578
90.94000244140625
90.0199966430664
90.98999786376953
90.13999938964844
91.08000183105469
90.30000305175781
91.16000366210938
90.47000122070312
91.26000213623047
90.54000091552734
91.4800033569336
