10.1899995803833
15.770000457763672
18.170000076293945
22.34000015258789
20.510000228881836
29.420000076293945
30.649999618530273
38.650001525878906
37.779998779296875
44.16999816894531
43.099998474121094
49.380001068115234
46.380001068115234
54.43000030517578
55.869998931884766
56.709999084472656
52.5
56.529998779296875
54.7400016784668
57.79999923706055
56.279998779296875
59.060001373291016
58.970001220703125
62.15999984741211
59.63999938964844
64.1500015258789
60.40999984741211
67.58999633789062
63.849998474121094
71.75
65.48999786376953
76.83000183105469
67.23999786376953
77.73999786376953
68.37000274658203
79.4000015258789
73.8499984741211
81.61000061035156
74.87000274658203
83.72000122070312
75.33000183105469
84.27999877929688
76.12999725341797
84.83999633789062
80.27999877929688
85.69000244140625
80.83999633789062
85.55999755859375
81.19999694824219
85.94999694824219
82.94000244140625
87.22000122070312
85.29000091552734
87.02999877929688
84.69999694824219
86.70999908447266
84.38999938964844
87.94000244140625
85.77999877929688
88.37000274658203
84.94000244140625
88.51000213623047
84.87000274658203
89.20999908447266
86.8499984741211
89.2300033569336
87.33000183105469
89.02999877929688
88.18000030517578
89.18000030517578
88.63999938964844
89.86000061035156
88.18000030517578
89.97000122070312
89.06999969482422
89.91999816894531
89.45999908447266
89.91000366210938
89.13999938964844
89.94000244140625
88.41999816894531
90.5999984741211
89.91999816894531
90.37999725341797
88.91999816894531
90.77999877929688
90.55999755859375
90.9000015258789
90.30000305175781
90.93000030517578
90.69000244140625
91.16000366210938
90.38999938964844
91.2699966430664
90.73999786376953
91.69999694824219
90.80999755859375
91.38999938964844
91.22000122070312
91.31999969482422
