8.779999732971191
14.430000305175781
9.130000114440918
14.510000228881836
11.680000305175781
23.389999389648438
19.299999237060547
24.600000381469727
22.920000076293945
14.390000343322754
15.739999771118164
19.350000381469727
21.75
20.3799991607666
21.450000762939453
21.479999542236328
18.520000457763672
16.65999984741211
15.430000305175781
17.110000610351562
15.260000228881836
13.649999618530273
12.09000015258789
10.760000228881836
10.390000343322754
12.180000305175781
16.489999771118164
14.449999809265137
13.430000305175781
15.640000343322754
14.800000190734863
12.40999984741211
11.979999542236328
12.65999984741211
12.880000114440918
13.100000381469727
18.059999465942383
14.829999923706055
17.06999969482422
16.06999969482422
17.459999084472656
21.3799991607666
19.18000030517578
19.020000457763672
18.260000228881836
19.940000534057617
19.209999084472656
19.770000457763672
18.68000030517578
18.110000610351562
18.389999389648438
18.799999237060547
19.389999389648438
16.6299991607666
16.920000076293945
17.700000762939453
16.100000381469727
17.209999084472656
20.1299991607666
20.5
21.170000076293945
21.729999542236328
22.93000030517578
23.469999313354492
23.600000381469727
21.649999618530273
20.079999923706055
19.1200008392334
21.809999465942383
19.940000534057617
21.670000076293945
19.360000610351562
18.31999969482422
19.399999618530273
19.010000228881836
17.420000076293945
19.290000915527344
19.8700008392334
20.020000457763672
22.479999542236328
20.31999969482422
20.18000030517578
19.219999313354492
20.989999771118164
21.200000762939453
22.200000762939453
22.520000457763672
24.600000381469727
21.959999084472656
22.93000030517578
21.889999389648438
24.770000457763672
23.739999771118164
22.190000534057617
22.809999465942383
22.030000686645508
21.260000228881836
21.420000076293945
20.389999389648438
21.43000030517578
