10.270000457763672
10.020000457763672
15.289999961853027
17.809999465942383
18.450000762939453
20.360000610351562
19.3799991607666
21.920000076293945
29.420000076293945
31.5
35.81999969482422
41.08000183105469
35.7400016784668
50.5099983215332
45.77000045776367
54.900001525878906
51.36000061035156
54.970001220703125
51.709999084472656
56.15999984741211
57.54999923706055
59.11000061035156
57.41999816894531
64.62000274658203
63.939998626708984
63.150001525878906
59.66999816894531
69.12000274658203
63.16999816894531
69.56999969482422
65.58000183105469
73.05000305175781
68.05000305175781
75.80999755859375
68.66000366210938
77.41000366210938
71.79000091552734
79.1500015258789
75.2699966430664
80.2300033569336
78.55999755859375
81.7699966430664
76.94999694824219
82.13999938964844
79.16000366210938
82.95999908447266
80.79000091552734
83.18000030517578
81.05000305175781
84.88999938964844
83.62999725341797
85.29000091552734
81.7300033569336
85.48999786376953
81.16000366210938
86.80000305175781
82.51000213623047
86.22000122070312
84.1500015258789
86.29000091552734
85.08999633789062
87.25
86.2699966430664
87.88999938964844
86.0999984741211
87.27999877929688
83.97000122070312
88.13999938964844
84.70999908447266
87.81999969482422
86.08999633789062
88.7300033569336
87.2300033569336
88.79000091552734
86.55999755859375
88.88999938964844
87.3499984741211
88.9000015258789
87.91999816894531
89.41999816894531
88.30999755859375
89.69000244140625
88.52999877929688
89.29000091552734
89.13999938964844
89.94999694824219
89.05999755859375
90.25
87.86000061035156
90.25
89.2699966430664
89.36000061035156
88.45999908447266
90.36000061035156
89.66999816894531
90.08000183105469
89.37999725341797
90.16999816894531
89.95999908447266
90.63999938964844
